2.449185672161147576e+00 -6.386504110017183766e-01 -1.245449305719493305e+00 -3.143576279046901290e-01
7.406289258135295706e-01 7.371304513633177846e-01 -1.129228411057070058e+00 -1.233970194496338157e+00
1.843218473705990235e+00 -9.385000861325595300e-01 -1.011429449776926726e+00 -7.601036532307102467e-02
-5.735253664239291505e-01 4.725572086008108519e-01 -1.454640385757951737e+00 -9.229716272775410069e-01
-5.906539097646124059e-01 9.311508293891562760e-01 -1.024653676610041142e+00 -5.061825638326776788e-01
-1.782102274096754035e+00 9.311508293891562760e-01 -1.060455808306399961e+00 -1.175339317069843625e+00
-1.146855985760599328e+00 -9.186570929253730367e-02 2.606641127631875721e-02 2.020043502674108815e+00
-2.532829645706155194e-02 -2.131284455586878249e-02 1.571379711196503770e+00 2.192112382077951338e+00
6.733184938560686783e-01 -3.249106406258453816e+00 -5.127944539019123615e-01 1.132654020211558976e-01
-4.075258350005456220e-01 7.724068837316521163e-01 1.827823290201448625e+00 -1.397116983857018546e+00
-7.014604351109411384e-01 -4.269918167917127749e-01 -1.081959657879443121e-01 1.499375819440999624e+00
-6.510897507333450740e-01 -1.432370139289239175e+00 9.558048283205246021e-01 4.707862958935845610e-01
-1.292061694807142391e+00 -1.447803578450387041e-01 4.477852037322999079e-01 6.355661463782358300e-02
-3.156026501438825155e-02 6.489393704424821774e-01 -4.937992740389685054e-01 -5.335861261081045193e-01
2.279739080078602986e-01 8.076833160999863370e-01 1.086614528291630410e+00 -1.167054519172621596e+00
-1.992618365186907825e-01 8.451645254913399408e-02 -1.126357331531546491e+00 -1.151122215524117642e+00
3.678034683861505783e-01 -1.273626193631735015e+00 -5.028904571681751950e-02 -5.157419460217800289e-01
1.557907135078388516e-01 5.960247218899807908e-01 -6.704118254100536189e-01 -4.673077429303280628e-01
2.238393969934473926e+00 -8.326707890275567570e-01 6.495280420275569844e-01 2.314830950930552023e-01
-1.640388152012331735e-01 7.724068837316521163e-01 8.364060766404267655e-01 1.214506230205748993e+00
-4.194942366791912791e-01 7.724068837316521163e-01 6.234621797261652443e-01 -2.977880321102460148e-01
-3.662693834330709719e-01 -3.388007358708771122e-01 -6.140038016777382701e-01 3.465143274352537328e-01
-6.800036067587715560e-02 9.311508293891562760e-01 1.767992693066786636e+00 9.959150241482747079e-01
-2.770851796956659285e-01 9.311508293891562760e-01 7.088457708131962187e-01 6.109905680004192874e-01
